388
2 352 816
2 1568 816
2 352 848
2 352 880
2 416 912
2 480 944
2 544 944
2 608 944
2 672 944
2 736 944
2 800 944
2 864 944
2 928 944
2 992 944
2 1056 944
2 1120 944
2 1184 944
2 1248 944
2 1312 944
2 1376 944
2 1440 944
2 1568 848
2 1568 880
2 1504 912
2 352 784
2 352 752
2 352 720
2 352 688
2 352 656
2 352 624
2 352 592
2 352 560
2 352 528
2 352 496
2 352 464
2 352 432
2 352 400
2 416 368
2 480 336
2 544 336
2 608 336
2 672 336
2 736 336
2 800 336
2 864 336
2 928 336
2 992 336
2 1056 336
2 1120 336
2 1184 336
2 1248 336
2 1312 336
2 1376 336
2 1440 336
2 1504 368
2 1568 400
2 1568 432
2 1568 464
2 1568 496
2 1568 528
2 1568 560
2 1568 592
2 1568 624
2 1568 656
2 1568 688
2 1568 720
2 1568 752
2 1568 784
1 480 368
1 480 400
1 416 400
1 416 880
1 480 880
1 480 912
1 1440 912
1 1440 880
1 1504 880
1 1504 400
1 1440 400
1 1440 368
0 1504 432
0 1440 432
0 1376 432
0 1376 400
0 1376 368
0 416 432
0 480 432
0 544 432
0 544 400
0 544 368
0 416 848
0 480 848
0 544 848
0 544 880
0 544 912
0 1376 912
0 1376 880
0 1376 848
0 1440 848
0 1504 848
2 1312 912
2 1312 880
2 1312 848
2 1312 816
2 1376 816
2 1440 816
2 1504 816
2 1504 464
2 1440 464
2 1376 464
2 1312 464
2 1312 432
2 1312 400
2 1312 368
2 608 368
2 608 400
2 608 432
2 608 464
2 544 464
2 480 464
2 416 464
2 416 816
2 480 816
2 544 816
2 608 912
2 608 880
2 608 848
2 608 816
3 672 368
3 736 400
3 800 432
3 864 464
3 928 464
3 992 464
3 1056 464
3 1248 368
3 1184 400
3 1120 432
1 864 432
1 800 400
3 800 368
3 1120 368
1 736 368
1 864 368
1 1056 432
1 1120 400
1 1184 368
1 1056 368
3 672 912
3 736 880
3 800 848
3 864 816
3 928 816
3 992 816
3 1056 816
3 1120 848
3 1184 880
3 1248 912
3 1120 912
3 800 912
1 800 880
1 864 912
1 864 848
1 1056 848
1 1120 880
1 1056 912
1 736 912
1 1184 912
0 928 912
0 992 912
0 864 880
0 928 848
0 992 848
0 1056 880
0 928 432
0 992 432
0 1056 400
0 992 368
0 928 368
0 864 400
4 928 400
4 992 400
4 992 880
4 928 880
4 672 400
4 736 432
4 800 464
4 1120 464
4 1184 432
4 1248 400
4 672 880
4 736 848
4 800 816
4 1120 816
4 1184 848
4 1248 880
4 1440 752
4 1440 624
4 1440 496
4 480 496
4 480 624
4 480 752
4 480 688
4 480 560
4 1440 560
4 1440 688
3 1440 784
3 1440 528
3 1440 720
3 1440 656
3 1440 592
3 480 784
3 480 720
3 480 656
3 480 592
3 480 528
1 416 784
2 416 752
1 416 720
2 416 688
1 416 656
2 416 624
1 416 592
2 416 560
1 416 528
2 416 496
2 1504 496
1 1504 528
2 1504 560
1 1504 592
2 1504 624
1 1504 656
2 1504 688
1 1504 720
2 1504 752
1 1504 784
3 1376 752
3 1376 688
3 1376 624
3 1376 560
3 1376 496
4 1376 784
4 1376 720
4 1376 656
4 1376 592
4 1376 528
4 544 784
4 544 720
4 544 656
4 544 592
4 544 528
3 544 752
3 544 688
3 544 624
3 544 560
3 544 496
1 608 752
1 608 688
1 608 624
1 608 560
1 608 496
2 608 528
2 608 592
2 608 656
2 608 720
2 608 784
2 1312 784
2 1312 720
2 1312 656
2 1312 592
2 1312 528
1 1312 496
1 1312 560
1 1312 624
1 1312 688
1 1312 752
1 1248 848
1 1184 816
1 672 848
1 736 816
1 672 784
1 736 752
1 800 720
1 1120 784
1 1248 784
1 1184 752
1 1120 720
1 800 784
2 672 816
2 736 784
2 800 752
2 864 752
2 928 752
2 992 752
2 1056 752
2 1120 752
2 1184 784
2 1248 816
2 928 784
2 992 784
3 864 784
3 1056 784
3 864 496
3 1056 496
2 992 496
2 928 496
2 864 528
2 928 528
2 992 528
2 1056 528
2 1120 528
2 800 528
2 736 496
2 672 464
2 1184 496
2 1248 464
1 1248 432
1 1184 464
1 1120 496
1 672 432
1 736 464
1 800 496
1 672 496
1 736 528
1 800 560
1 1120 560
1 1184 528
1 1248 496
0 864 656
0 864 624
0 928 624
0 992 624
0 1056 624
0 1056 656
0 992 656
0 928 656
3 928 688
3 992 688
3 992 592
3 928 592
4 864 592
4 864 688
4 1056 688
4 1056 592
4 1120 624
4 1120 656
4 800 656
4 800 624
0 800 592
0 800 688
0 736 720
0 672 752
0 672 528
0 736 560
0 864 560
0 928 560
0 992 560
0 1056 560
0 1120 592
0 1184 560
0 1248 528
0 1120 688
0 1056 720
0 992 720
0 928 720
0 864 720
0 1184 720
0 1248 752
1 672 656
1 672 720
1 672 592
1 736 624
1 736 688
1 1184 688
1 1248 720
1 1184 624
1 1248 592
1 1248 656
2 672 688
2 736 656
2 672 624
2 736 592
2 672 560
2 1184 656
2 1248 688
2 1248 624
2 1184 592
2 1248 560
