408
1 224 912
1 1696 912
1 288 880
1 352 848
1 416 816
1 480 784
1 544 752
1 608 720
1 1632 880
1 1568 848
1 1504 816
1 1440 784
1 1376 752
1 1312 720
2 1696 880
2 1696 848
2 1696 816
2 1696 784
2 1696 752
2 1696 720
2 1696 688
2 1696 656
2 1696 624
2 1696 592
2 1696 560
2 1696 528
2 1696 496
2 1696 464
2 1696 432
1 1696 400
1 1632 432
1 1568 464
1 1504 496
1 1440 528
1 1376 560
1 1312 592
1 224 400
1 288 432
1 352 464
1 416 496
1 480 528
1 544 560
1 608 592
2 1632 400
2 1568 400
2 1504 400
2 1440 400
2 1376 400
2 1312 400
2 1248 400
2 1184 400
2 1120 400
2 1056 400
2 992 400
2 928 400
2 864 400
2 800 400
2 736 400
2 672 400
2 608 400
2 480 400
2 416 400
2 352 400
2 288 400
2 224 432
2 224 464
2 224 496
2 224 528
2 224 560
2 224 592
2 224 624
2 224 656
2 224 688
2 224 720
2 224 752
2 224 784
2 224 816
2 224 848
2 224 880
2 288 912
2 352 912
2 416 912
2 480 912
2 544 912
2 608 912
2 672 912
2 736 912
2 800 912
2 864 912
2 928 912
2 992 912
2 1056 912
2 1120 912
2 1184 912
2 1248 912
2 1312 912
2 1376 912
2 1440 912
2 1504 912
2 1568 912
2 1632 912
3 1184 656
3 1120 656
3 1056 656
3 992 656
3 928 656
3 864 656
3 800 656
3 736 656
0 1248 688
0 1248 624
0 672 624
0 672 688
0 736 688
0 1184 688
0 864 688
0 1056 688
0 864 624
0 1056 624
0 736 624
0 1184 624
1 1248 656
1 1120 688
1 1120 624
1 992 624
1 992 688
1 928 688
1 928 624
1 800 624
1 800 688
1 672 656
2 608 656
2 544 688
2 480 720
2 416 752
2 352 784
2 288 816
2 288 496
2 352 528
2 416 560
2 480 592
2 544 624
1 480 656
1 416 688
1 352 720
1 288 752
1 288 560
1 352 592
1 416 624
0 352 656
0 288 688
0 288 624
4 288 656
4 1632 656
4 416 656
4 416 720
4 416 592
4 288 848
4 288 464
4 608 624
4 608 688
4 1312 688
4 1312 624
4 1504 720
4 1632 848
4 1632 464
2 1312 656
2 1376 688
2 1440 720
2 1504 752
2 1568 784
2 1632 816
2 1376 624
2 1440 592
2 1504 560
4 1504 592
2 1568 528
2 1632 496
1 1632 560
1 1568 592
1 1504 624
1 1440 656
1 1504 688
1 1568 720
1 1632 752
4 1504 656
0 1568 656
0 1632 688
0 1632 624
3 1568 688
3 1568 624
3 352 624
3 352 688
2 352 816
2 416 784
2 480 752
2 544 720
2 544 592
2 480 560
2 416 528
2 352 496
2 1376 720
2 1440 752
2 1504 784
2 1568 816
2 1568 496
2 1504 528
2 1440 560
2 1376 592
1 1376 656
1 1440 688
1 1440 624
1 1568 752
1 1632 784
1 1632 720
1 1568 560
1 1632 592
1 1632 528
1 288 784
1 352 752
1 288 720
1 480 688
1 544 656
1 480 624
1 288 592
1 288 528
1 352 560
4 864 528
4 1056 528
4 736 528
4 1184 528
4 736 784
4 864 784
4 1056 784
4 1184 784
2 352 432
2 416 464
2 416 432
2 480 432
2 480 496
2 544 528
2 544 400
2 544 432
2 608 560
2 608 528
2 608 496
2 608 432
2 608 880
2 608 816
2 608 784
2 608 752
2 544 784
2 544 880
2 480 880
2 480 816
2 416 848
2 416 880
2 352 880
2 1312 752
2 1312 784
2 1312 816
2 1312 880
2 1376 880
2 1440 880
2 1504 880
2 1568 880
2 1504 848
2 1376 784
2 1440 816
2 1312 560
2 1312 528
2 1312 496
2 1312 432
2 1376 528
2 1376 432
2 1440 432
2 1440 496
2 1504 464
2 1504 432
2 1568 432
2 1248 432
2 1248 464
2 1184 432
2 1184 880
2 1248 880
2 1248 848
2 672 880
2 736 880
2 672 848
2 672 464
2 672 432
2 736 432
1 736 464
1 672 496
1 672 592
1 1248 592
1 1248 560
1 1184 592
1 736 592
1 672 560
1 1248 496
1 1184 464
1 1120 432
1 800 432
1 672 528
1 1248 528
1 1056 432
1 992 432
1 928 432
1 864 432
1 800 592
1 864 592
1 928 592
1 992 592
1 1056 592
1 1120 592
2 736 560
2 800 560
2 800 528
2 800 496
2 736 496
2 800 464
2 864 464
2 928 464
2 992 464
2 1056 464
2 1120 464
2 1184 496
2 1120 496
2 1056 496
2 992 496
2 928 496
2 864 496
2 864 560
2 928 560
2 992 560
2 1056 560
2 1120 560
2 1184 560
2 1120 528
2 992 528
2 928 528
1 672 816
1 736 848
1 800 880
1 864 880
1 928 880
1 992 880
1 1056 880
1 1120 880
1 1184 848
1 1248 816
1 1248 784
1 1248 752
1 1248 720
1 1184 720
1 672 784
1 672 752
1 672 720
1 736 720
1 800 720
1 864 720
1 928 720
1 992 720
1 1056 720
1 1120 720
2 736 816
2 800 816
2 800 848
2 864 848
2 928 848
2 992 848
2 1056 848
2 1120 848
2 1184 816
2 1184 752
2 1120 752
2 1056 752
2 992 752
2 928 752
2 864 752
2 800 752
2 736 752
2 800 784
2 864 816
2 928 816
2 992 816
2 1056 816
2 1120 816
2 1120 784
2 992 784
2 928 784
3 480 848
3 544 848
3 544 816
3 608 848
3 544 496
3 544 464
3 480 464
3 608 464
3 1440 464
3 1376 464
3 1312 464
3 1376 496
3 1376 816
3 1376 848
3 1312 848
3 1440 848
