153
2 1696 880
2 1632 880
2 1568 848
2 1504 816
2 1440 784
2 1376 752
2 1312 752
2 1248 752
2 1184 752
2 1120 752
2 1056 752
2 992 752
2 928 752
2 864 752
2 800 752
2 736 752
2 672 752
2 224 848
2 288 848
2 352 816
2 416 784
2 480 752
2 544 752
2 608 752
2 224 784
2 288 752
2 352 720
2 416 688
2 480 656
2 544 656
2 608 656
2 672 656
2 736 656
2 800 656
2 864 656
2 928 656
2 992 656
2 1056 656
2 1120 656
2 1184 656
2 1248 656
2 1312 656
2 1376 656
2 1440 688
2 1504 720
2 1568 752
2 1632 784
2 1696 784
2 224 720
2 288 688
2 352 656
2 416 624
2 480 592
2 544 560
2 608 560
2 672 560
2 736 560
2 800 560
2 864 560
2 928 560
2 992 560
2 1056 560
2 1120 560
2 1184 560
2 1248 560
2 1312 560
2 1376 592
2 1440 624
2 1504 656
2 1568 688
2 1632 720
2 1696 720
2 608 496
2 672 496
2 736 496
2 800 496
2 864 496
2 928 496
2 992 496
2 1056 496
2 1120 496
2 1184 496
2 1248 496
2 1312 464
2 1376 432
2 1440 464
2 1504 496
2 1568 528
2 544 464
2 480 432
2 416 464
2 352 496
2 288 528
2 352 560
2 1504 560
2 672 784
2 672 816
2 608 848
2 544 880
2 1184 784
2 1184 816
2 1248 848
2 1312 880
4 480 624
4 1376 624
4 480 720
4 1376 720
4 928 528
4 608 816
2 544 784
2 544 816
2 1312 784
2 1312 816
4 1248 816
1 608 784
1 1248 784
1 544 688
1 608 688
1 672 688
1 736 688
1 800 688
1 864 688
1 928 688
1 992 688
1 1056 688
1 1120 688
1 1184 688
1 1248 688
1 1312 688
1 1376 688
1 544 592
1 608 592
1 672 592
1 736 592
1 800 592
1 864 592
1 928 592
1 992 592
1 1056 592
1 1120 592
1 1184 592
1 1248 592
1 1312 592
3 1376 464
3 480 464
3 352 528
3 1504 528
3 352 752
3 1504 752
3 416 496
3 1440 496
3 352 688
3 1504 688
